3 2 0 0.2 0.3
3 2 1 0.2 0.3
3 2 0.1 0.2 0.3
4 2 0.9 0.8 0.7 0.6 
3 3 0.1 0.2 0.3
0
10 6 0 1 0.7 0.8 0.9 0.8 0.7 0.6 0.5 0.432 
20 6 0 1 0.7 0.8 0.9 0.8 0.7 0.6 0.5 0.432 0 1 0.7 0.8 0.9 0.8 0.7 0.6 0.5 0.432
50 6 0 1 0.7 0.8 0.9 0.8 0.7 0.6 0.5 0.432 0 1 0.7 0.8 0.9 0.8 0.7 0.6 0.5 0.432 0 1 0.7 0.8 0.9 0.8 0.7 0.6 0.5 0.432 0 1 0.7 0.8 0.9 0.8 0.7 0.6 0.5 0.432 0 1 0.7 0.8 0.9 0.8 0.7 0.6 0.5 0.432
100 6 0 1 0.7 0.8 0.9 0.8 0.7 0.6 0.5 0.432 0 1 0.7 0.8 0.9 0.8 0.7 0.6 0.5 0.432 0 1 0.7 0.8 0.9 0.8 0.7 0.6 0.5 0.432 0 1 0.7 0.8 0.9 0.8 0.7 0.6 0.5 0.432 0 1 0.7 0.8 0.9 0.8 0.7 0.6 0.5 0.432 0 1 0.7 0.8 0.9 0.8 0.7 0.6 0.5 0.432 0 1 0.7 0.8 0.9 0.8 0.7 0.6 0.5 0.432 0 1 0.7 0.8 0.9 0.8 0.7 0.6 0.5 0.432 0 1 0.7 0.8 0.9 0.8 0.7 0.6 0.5 0.432 0 1 0.7 0.8 0.9 0.8 0.7 0.6 0.5 0.432
200 6 0 1 0.7 0.8 0.9 0.8 0.7 0.6 0.5 0.432 0 1 0.7 0.8 0.9 0.8 0.7 0.6 0.5 0.432 0 1 0.7 0.8 0.9 0.8 0.7 0.6 0.5 0.432 0 1 0.7 0.8 0.9 0.8 0.7 0.6 0.5 0.432 0 1 0.7 0.8 0.9 0.8 0.7 0.6 0.5 0.432 0 1 0.7 0.8 0.9 0.8 0.7 0.6 0.5 0.432 0 1 0.7 0.8 0.9 0.8 0.7 0.6 0.5 0.432 0 1 0.7 0.8 0.9 0.8 0.7 0.6 0.5 0.432 0 1 0.7 0.8 0.9 0.8 0.7 0.6 0.5 0.432 0 1 0.7 0.8 0.9 0.8 0.7 0.6 0.5 0.432 0 1 0.7 0.8 0.9 0.8 0.7 0.6 0.5 0.432 0 1 0.7 0.8 0.9 0.8 0.7 0.6 0.5 0.432 0 1 0.7 0.8 0.9 0.8 0.7 0.6 0.5 0.432 0 1 0.7 0.8 0.9 0.8 0.7 0.6 0.5 0.432 0 1 0.7 0.8 0.9 0.8 0.7 0.6 0.5 0.432 0 1 0.7 0.8 0.9 0.8 0.7 0.6 0.5 0.432 0 1 0.7 0.8 0.9 0.8 0.7 0.6 0.5 0.432 0 1 0.7 0.8 0.9 0.8 0.7 0.6 0.5 0.432 0 1 0.7 0.8 0.9 0.8 0.7 0.6 0.5 0.432 0 1 0.7 0.8 0.9 0.8 0.7 0.6 0.5 0.432
0



3 2 0 0.2 0.3
0.94
3 2 1 0.2 0.3
0.8
3 2 0.1 0.2 0.3
0.926
4 2 0.9 0.8 0.7 0.6 
0.14000

3 3 0.1 0.2 0.3
0.994

10 6 0 1 0.7 0.8 0.9 0.8 0.7 0.6 0.5 0.432 
0.66841

20 6 0 1 0.7 0.8 0.9 0.8 0.7 0.6 0.5 0.432 0 1 0.7 0.8 0.9 0.8 0.7 0.6 0.5 0.432
test = 0.44677, 0 secs

30 6 0 1 0.7 0.8 0.9 0.8 0.7 0.6 0.5 0.432 0 1 0.7 0.8 0.9 0.8 0.7 0.6 0.5 0.432 0 1 0.7 0.8 0.9 0.8 0.7 0.6 0.5 0.432 
test = 0.29862, 0 secs

50 6 0 1 0.7 0.8 0.9 0.8 0.7 0.6 0.5 0.432 0 1 0.7 0.8 0.9 0.8 0.7 0.6 0.5 0.432 0 1 0.7 0.8 0.9 0.8 0.7 0.6 0.5 0.432 0 1 0.7 0.8 0.9 0.8 0.7 0.6 0.5 0.432 0 1 0.7 0.8 0.9 0.8 0.7 0.6 0.5 0.432
test = 0.13342, 0 secs

100 6 0 1 0.7 0.8 0.9 0.8 0.7 0.6 0.5 0.432 0 1 0.7 0.8 0.9 0.8 0.7 0.6 0.5 0.432 0 1 0.7 0.8 0.9 0.8 0.7 0.6 0.5 0.432 0 1 0.7 0.8 0.9 0.8 0.7 0.6 0.5 0.432 0 1 0.7 0.8 0.9 0.8 0.7 0.6 0.5 0.432 0 1 0.7 0.8 0.9 0.8 0.7 0.6 0.5 0.432 0 1 0.7 0.8 0.9 0.8 0.7 0.6 0.5 0.432 0 1 0.7 0.8 0.9 0.8 0.7 0.6 0.5 0.432 0 1 0.7 0.8 0.9 0.8 0.7 0.6 0.5 0.432 0 1 0.7 0.8 0.9 0.8 0.7 0.6 0.5 0.432
test = 0.01780, 0 secs

200 6 0 1 0.7 0.8 0.9 0.8 0.7 0.6 0.5 0.432 0 1 0.7 0.8 0.9 0.8 0.7 0.6 0.5 0.432 0 1 0.7 0.8 0.9 0.8 0.7 0.6 0.5 0.432 0 1 0.7 0.8 0.9 0.8 0.7 0.6 0.5 0.432 0 1 0.7 0.8 0.9 0.8 0.7 0.6 0.5 0.432 0 1 0.7 0.8 0.9 0.8 0.7 0.6 0.5 0.432 0 1 0.7 0.8 0.9 0.8 0.7 0.6 0.5 0.432 0 1 0.7 0.8 0.9 0.8 0.7 0.6 0.5 0.432 0 1 0.7 0.8 0.9 0.8 0.7 0.6 0.5 0.432 0 1 0.7 0.8 0.9 0.8 0.7 0.6 0.5 0.432 0 1 0.7 0.8 0.9 0.8 0.7 0.6 0.5 0.432 0 1 0.7 0.8 0.9 0.8 0.7 0.6 0.5 0.432 0 1 0.7 0.8 0.9 0.8 0.7 0.6 0.5 0.432 0 1 0.7 0.8 0.9 0.8 0.7 0.6 0.5 0.432 0 1 0.7 0.8 0.9 0.8 0.7 0.6 0.5 0.432 0 1 0.7 0.8 0.9 0.8 0.7 0.6 0.5 0.432 0 1 0.7 0.8 0.9 0.8 0.7 0.6 0.5 0.432 0 1 0.7 0.8 0.9 0.8 0.7 0.6 0.5 0.432 0 1 0.7 0.8 0.9 0.8 0.7 0.6 0.5 0.432 0 1 0.7 0.8 0.9 0.8 0.7 0.6 0.5 0.432
test = 0.00032, 0 secs